813685
565495
824502
521968
746605
541500
336960
205353
137250
270845
774703
602138
423516
826857
690857
224496
421064
666232
723408
400944
611482
359987
387825
881403
768097
738601
889107
360297
189064
742179
606584
749356
407096
855653
302832
515972
477023
283625
968242
587935
818285
402925
111065
370852
329605
110995
240071
537886
241420
491758
755138
525099
615968
154635
550177
111535
851329
672312
483374
423595
104277
289796
874440
588604
492164
177822
136109
792203
818898
291497
479904
440356
705139
711855
260484
647452
918330
517724
450703
749341
506551
364209
240261
422924
202754
729482
881861
778402
880596
467175
269165
406443
863556
942558
687762
130137
620988
221399
551468
366960
348301
204221
692858
863790
442679
119593
957338
488125
919969
942888
658169
477355
465881
226970
139927
147069
888209
895573
726360
639069
192627
245452
630567
114929
849034
189462
575190
296894
385277
848863
459905
980900
872189
563953
762264
153492
202705
125370
760348
576443
838180
424425
565957
517204
729944
143800
148459
911971
853197
547012
304413
793609
862650
229189
985235
436035
471277
959578
240656
872540
671192
271641
185138
416130
911371
160507
735874
963930
282774
360117
396861
675124
853033
561467
223131
640904
661142
164079
209574
260926
168708
724969
146400
246679
809577
649931
349401
826481
589241
989234
693230
503028
739935
324011
272823
893230
731184
219824
800225
565600
524818
545091
846567
812974
273973
322894
889984
940227
198763
257936
367649
832788
710242
448309
917051
101655
702173
174093
733057
894990
281549
493322
297554
213545
933204
864452
610860
696097
137986
783643
600528
372659
446625
101097
859462
411159
269521
183523
733527
159284
110401
350912
594447
617832
324850
867119
246333
928026
622217
110437
748616
733052
384956
849030
897779
453954
110239
111424
274339
300780
627765
533323
143347
274901
724191
366141
816307
680150
868471
880203
186914
362173
945018
461538
671507
546392
379169
340127
195176
744889
275896
420565
186075
667151
994927
625121
348564
512209
817312
463303
827563
169396
472878
498170
702302
371686
264100
307713
178744
470259
494319
386218
980830
122739
140614
847434
544106
555611
487490
958631
388307
675347
819334
431796
871191
663710
100387
522518
732916
419046
921821
753480
692633
918581
172904
234240
191630
931403
483631
427688
343066
413388
358516
665751
592836
957880
239872
820864
265367
666999
917500
945935
421741
692860
325405
789843
367905
556466
608166
866328
947573
471383
107242
333824
101482
221138
362294
537275
484181
148627
298412
776656
846005
822892
852115
771221
847046
262934
182412
670734
710379
611856
357541
600413
613326
231016
350289
656586
531487
734781
876576
221828
816316
663084
641962
140466
502209
342377
333963
388321
712495
990968
109152
964195
264619
766022
757002
185379
712345
179311
308334
121817
360303
197635
587232
286199
807301
500912
669423
415796
524861
284444
460040
659550
261909
926384
560889
401157
473999
961090
127200
774971
204413
254140
742026
932899
134690
347229
247829
844285
662443
311057
385228
912636
738360
708325
692467
125789
316110
353520
580625
824787
636847
940494
740937
909608
648588
530128
688076
108854
520935
811466
814043
580981
804584
376500
497897
866646
600865
653617
669518
997611
128504
954190
159468
226498
670756
736977
997485
560424
798880
219489
226616
780950
339100
696512
102517
454116
955277
915190
591995
314419
449138
316589
459420
230450
769299
449126
279577
374384
441058
259505
620731
981855
606870
910753
743381
796779
404779
361422
378409
658549
941497
164941
570733
197640
711597
310510
658176
356153
889786
139339
986791
759932
992788
847348
927180
298548
556185
180531
351202
422245
997993
507218
755891
622411
512393
444096
479907
506344
230960
319256
896258
882931
742159
983694
273548
708246
865625
105282
622671
322809
814565
578343
250999
892414
266089
194545
816109
540282
263835
989643
703496
167516
239198
171296
404013
585475
191759
650457
271258
599606
705895
489736
549505
390578
474055
137986
853687
614884
899638
575506
901585
474613
691400
534481
551402
195297
601184
446274
440241
571390
670271
656841
797428
935215
441396
687884
732528
164902
318462
586062
947820
371017
847186
384321
360970
569159
883557
120386
191839
338740
356565
230333
611707
121185
671133
506416
819571
660057
829220
604319
686125
739195
877071
922542
218919
936695
929827
499437
845395
341731
561138
681949
712531
195013
389774
377427
204240
778212
324419
666573
730269
385573
356144
445429
101054
971160
310381
428337
410905
974809
495998
658208
424692
994030
876833
751781
642945
244031
810020
704321
748848
691481
588333
716434
219308
158893
964255
965611
903256
963439
711045
214908
239266
869256
365325
901991
989837
241525
398907
494596
484900
900076
762695
504812
838833
327689
227992
311415
506501
474355
197509
627318
672128
166368
504561
462867
426557
801502
660852
773272
988316
453126
768875
181210
701956
641820
405881
960383
533707
817966
733751
886653
416411
821676
708006
303730
385024
155088
214389
146973
178189
173966
500839
332295
653830
140934
612907
132652
618609
237310
991509
854381
598720
877381
331955
926992
760793
300376
124371
947063
914058
584534
529424
971295
957189
883867
188184
183399
848218
579948
113440
850168
790739
497769
763011
153105
720249
192610
190457
494528
308934
824500
990771
596043
824519
278199
737083
510082
995714
931375
225987
405075
815135
761059
476525
227328
726262
281508
149882
213222
198023
982483
649276
370223
808166
176191
403586
536087
691360
553069
764450
121559
400341
371143
765896
484914
781684
860919
292607
805968
307772
144625
790762
953732
312294
350383
359952
549247
959302
334692
347543
433928
192228
487132
672769
740961
196387
631344
196871
482779
909097
435809
855867
575195
305106
647261
800493
278900
342211
604485
594374
379184
134480
528593
703612
865700
549453
744394
440039
586890
566448
690972
748094
952128
514423
284622
576747
329999
439255
480185
760755
684042
768586
397890
435314
528005
410051
823474
829840
787052
259783
400519
600940
556421
459850
921294
158931
777381
934571
419890
297452
225907
387605
883587
171512
751640
496066
844499
896578
618504
961799
234231
330576
306289
886230
283093
693241
268279
920065
880500
953213
775442
372963
904742
432587
988569
589395
250715
566085
398302
231677
137464
841441
343173
604548
959498
394446
706123
748431
474232
552696
973605
850953
772667
344115
892386
225402
574611
862869
232178
995130
253552
854946
513676
149704
899347
919798
962201
145609
698897
922979
205815
947171
724095
757284
722389
673438
108340
834688
822479
952117
605171
908787
547879
797674
804039
329135
746517
511128
194269
441309
571007
987278
480586
854188
271470
970048
991682
983017
952170
575122
954412
417660
563239
324466
845168
751875
861359
282149
729463
409835
174969
136163
253976
779149
887279
836448
501088
669594
201731
733460
822086
695022
694506
632194
555883
967209
274789
508947
406328
405984
273211
224605
860558
630973
410038
907232
830329
954120
289192
625239
565130
790827
102234
810729
949623
463587
677118
189363
641074
324165
458294
992630
825496
532205
164091
585306
780914
571351
875703
215744
864682
508837
405637
680010
463726
104790
781834
174753
517639
497749
317256
303166
719605
588530
689366
626924
131879
766931
813077
619409
273388
748168
829797
472841
593801
591801
890107
189363
802663
449284
397475
299146
262399
727385
533503
487214
295331
234340
690250
264014
781251
385056
855536
692546
575401
114821
123482
709489
469757
742030
919449
698865
672205
422177
744070
895445
969099
457075
438465
905455
284306
717924
362394
520263
987319
759537
323617
442355
800754
817410
716663
337019
493899
835860
438355
455589
909929
990716
294948
500705
259499
943667
431859
842983
126436
359908
187453
772904
652947
188050
668031
955985
953700
636007
720698
449014
812087
435401
268251
107285
642780
211818
367483
291374
494881
513065
340420
400602
275979
605042
347346
152285
389753
447116
941750
812937
791202
541771
792909
545182
952972
420933
808133
459165
165912
134405
446550
243393
392348
149309
245365
935031
199942
345127
252758
865962
101678
641261
112199
236314
956066
403481
320008
475713
561869
482919
355444
763540
982848
321699
965020
194245
587008
414852
453121
532735
909099
305010
941070
909322
797000
848511
531731
778733
559156
420081
177264
961266
978021
139360
728837
915702
691716
584271
117605
780321
404325
560912
707028
702185
174779
144250
889330
348821
156217
534658
745049
462740
722470
164884
397928
221963
740801
811545
619723
678778
643711
879651
163753
852667
312467
697363
939918
119692
486065
181412
415083
980530
353622
691204
741544
884972
536368
500835
905019
430891
493893
282196
312935
779419
772713
495246
410236
524980
484620
574779
838330
782068
447589
772913
975204
631427
922472
575713
899067
523669
244771
841972
818798
244583
741415
606044
885723
249384
769880
656465
553510
621424
469271
283565
186743
297547
755721
429939
868415
249801
479876
615389
503110
132623
966601
425995
561655
521810
428981
631783
393705
231451
419199
352343
522948
809170
385458
275832
286112
704357
127544
807621
944815
692184
615468
601282
511382
135424
821559
229247
332311
801316
336923
378941
325612
991841
628132
623530
354805
427502
560416
972991
490457
810165
520748
477163
965945
955026
980593
496411
239688
760303
793289
459635
787129
551551
319960
481299
852486
400409
415736
824765
756335
124377
997192
864574
117248
268450
104306
423756
885533
936259
613531
788296
625132
740309
984581
211128
169800
903884
687762
782433
352271
972481
424055
782980
735853
183401
511840
721027
456565
993440
499405
834701
589009
809151
616366
696984
648100
694037
270538
578685
368497
137056
212840
295665
167696
431240
287028
373096
953410
336252
803534
494274
756017
775375
551685
409264
510179
882583
655379
893347
732716
290984
911969
434801
724897
536740
831014
448742
481163
387974
179335
487198
480698
419751
933333
938496
413449
835703
949914
652906
613615
130648
335996
211932
618258
616274
361736
987113
104868
167901
258396
315713
983980
418908
815629
442486
551806
141942
820344
761557
664866
791545
664692
979951
825617
972384
724354
670143
919634
105053
770914
643395
701241
933192
103982
761072
585934
307631
463380
251715
666919
221905
156841
588935
766854
448232
726015
179684
835818
553269
359611
769064
778123
174849
478280
473869
782919
527742
737343
436705
550703
719978
463276
750797
874274
175461
785315
163055
485329
381779
610561
871433
725271
151097
721935
234852
599189
147400
480994
272958
903469
802232
125472
508502
293019
354220
287886
440336
205002
144697
134405
873037
618434
700806
551267
218925
942262
203547
884595
836439
337081
428661
989890
545511
419740
686898
585400
538780
437866
660347
519966
818266
494302
936935
395975
793053
460605
539509
886168
871163
933317
803153
517150
256000
231261
126586
785837
442111
894465
900632
447711
605691
975794
908440
672233
766171
311067
497242
710577
747896
255095
802886
712269
850025
367731
628693
848285
912530
265682
276671
372398
810352
891971
535156
869909
384690
445725
447929
515284
201881
556825
893534
480138
274224
608635
944499
247078
957218
156459
263527
822706
360070
843070
482470
277931
334308
823797
436283
514348
272480
991369
313561
299103
376712
927513
299830
999869
843964
761868
235122
763582
915706
977296
435641
253427
884675
565425
878862
207789
895046
555941
579033
314961
711423
900517
877902
661465
126103
610314
403961
829453
135862
872496
911630
811261
795584
465304
127001
612398
654738
834438
344143
583231
350409
831783
764638
672451
733680
815945
347398
602952
600629
967042
259452
677405
359865
913859
946806
438879
962023
336397
851508
268158
975436
694246
183998
628145
541782
706285
386473
793096
409815
510222
766004
474338
493003
612592
794881
597975
377862
539985
957315
879471
460790
372129
370347
155971
192390
556487
123195
820721
659588
273617
708969
244070
602892
435728
856015
392255
175593
706026
649532
511797
503782
222912
348898
945389
831839
205482
783885
209073
305618
329230
452159
968189
659813
492808
497818
745235
858942
691461
760622
853720
828570
733096
755871
549032
653518
115613
815607
645979
603130
626846
477875
307268
519703
203822
755038
233715
240338
228664
898140
634547
752942
425200
974130
276147
562407
107322
136686
253549
844541
243054
595416
171953
793694
602998
127530
615927
505128
501799
820363
944432
438081
543006
774646
938218
218281
567861
613298
171555
357774
824750
617844
182739
955600
815164
779783
756400
203582
514044
301622
934545
745357
385434
241583
824967
442062
413982
501027
354227
586169
872624
629162
340248
146145
239309
784824
134989
469533
614167
402240
175140
745263
167910
207456
364695
647692
807620
700265
150638
738732
462148
906138
948060
430993
352565
872061
194479
135178
965670
711610
889794
560327
559033
728374
320754
198040
708513
403983
411319
571525
692001
868856
322069
569327
233463
930135
320248
780530
234238
702543
171713
228610
673166
403950
869793
678103
782350
305615
940204
850694
510622
563088
923728
493907
176888
550244
865928
701353
136705
377644
511577
450291
407846
252849
788165
771291
547457
165006
145168
275652
138695
370440
140841
586508
708250
432220
654991
258386
761574
929130
873317
238677
684341
468975
512392
812444
917433
960289
669700
379012
851338
423358
926606
124657
726171
815383
375566
398308
837177
932134
995665
480148
408670
784691
868191
777937
929979
190928
111067
673430
356430
599933
376360
602170
966710
482259
415933
463071
949833
763386
235823
106782
449950
676947
812036
538941
899696
894772
608578
674697
223597
883726
911523
583752
985996
199698
467181
581496
197386
816448
702497
624785
678203
998814
972606
802757
325270
711603
566074
823495
437981
796953
227762
434363
847496
865358
683425
944284
891006
373228
142800
299500
584407
183000
963308
717370
816599
711089
308462
725109
507745
403085
781852
214896
959113
382416
323381
100693
363558
134580
286830
600539
407579
559481
904570
670409
901066
334220
633531
719569
893357
797000
700158
153743
568618
616838
842992
402012
930604
673531
140281
664562
797268
132919
289537
349852
624601
602843
666728
986498
418959
158095
668427
408019
976838
965919
496629
493938
587871
878400
251236
655419
565488
422050
150085
544203
647955
194330
214808
198843
467256
301324
285846
289596
443739
206900
100280
117195
357120
477676
780213
391664
224952
282056
285031
841075
570927
612567
951912
680677
937263
476368
246217
207940
687913
661134
137268
651284
970276
201640
218237
891646
427473
178815
271576
107398
271151
264339
240575
159405
664923
586239
173126
906526
573678
630372
550363
181376
710055
823720
336406
410436
968521
321249
865323
641713
732465
858537
812290
402686
166134
246250
895370
402001
695315
340942
634120
897937
895222
789656
596359
955926
118752
453398
952510
175843
444335
716362
258793
428827
679264
854372
844769
938281
292203
822609
540633
621973
802442
869697
196685
277416
430200
534275
781422
278124
115080
100055
922419
244647
296379
356717
394730
124338
779549
305813
146882
459990
356997
708424
725789
329215
597837
701324
745682
921188
727429
737742
889466
443549
657567
885873
967791
687306
848026
724922
448694
878248
675807
953121
208415
727433
970969
677282
572628
375639
714510
429507
198598
256148
377014
963675
708709
103950
561043
304274
272520
675100
183674
752699
988429
975265
775277
364067
251460
227640
895417
373889
456763
916465
904990
203801
230673
311840
598765
714735
946505
158337
317634
936875
892031
392665
225237
278746
893547
899890
747861
565252
671377
315623
505949
707405
841499
375476
695642
919047
530333
338437
433303
910983
104125
445193
815234
539018
106757
737569
162394
358000
485712
491439
327552
225922
876568
942032
898429
100549
550391
779166
697952
307606
493354
189036
576268
446875
145695
991500
234253
964423
267944
300290
173815
486729
748527
745678
961101
839607
514973
877163
663024
236477
155865
842483
826815
416761
675079
828810
584496
470748
232431
968217
218885
529469
686816
910401
754981
128178
551392
349824
269485
363879
122034
190322
636041
194287
937313
661576
221355
744192
628981
247289
929639
480554
940991
675587
965168
381737
391526
841828
548714
336825
697155
311306
828227
652681
346916
135230
960591
630154
238091
796627
621410
463025
389439
281647
773888
617786
379706
126904
364805
788668
336821
414972
837091
261845
763353
234178
711368
165106
255081
219838
611945
437581
270472
639277
453757
990131
235405
335524
991661
804576
445062
441340
740146
651971
141654
966752
427340
580348
367283
445324
405273
818042
454610
675623
578642
661043
464080
992787
610015
128727
383318
694883
754216
493624
959342
141117
543914
555702
582166
160552
428923
313085
625969
664305
153015
266228
325510
606826
224608
171350
262980
611403
820109
881736
939528
443608
508906
901388
792045
569915
314241
552307
565312
123134
241360
887487
761745
106872
200164
220068
216467
273333
741436
507160
322967
328013
963671
737971
952028
988659
890965
199958
333314
144124
757994
798597
283381
131510
411634
884521
963120
738276
412989
677023
209340
101821
732147
354650
912064
356284
413216
241644
526007
725095
314991
594073
725198
141892
412097
377173
114363
849448
838666
832279
653190
498861
318865
736674
104222
339068
546046
902300
372989
294369
320747
591780
273760
781529
607360
434787
560429
937545
365800
478474
567263
947941
986697
880424
996801
851431
807588
746605
546892
824876
689250
847983
279673
293751
691572
508978
230785
688797
537854
524573
976991
526167
317402
398780
452852
452691
853337
560536
776075
217722
773188
327724
466875
519780
559771
463238
948021
241206
451786
219019
501918
995275
759631
237978
992554
658003
467471
963034
463643
921068
550552
502738
853940
237601
478739
355751
170335
540110
162142
515504
201067
812465
500313
649940
743751
736192
671373
303012
402455
824312
290345
645778
125093
734904
928203
518266
141890
247139
320660
645432
390841
585030
914349
187940
157718
344145
101747
312109
533428
606237
439065
483467
330684
138815
883579
307049
274300
607569
260335
995745
840501
458596
958760
840359
932827
562951
818798
868830
141408
805362
153132
595120
732904
647135
608089
349849
693541
836002
209004
273853
105981
953416
130455
792099
701565
268814
662566
282818
160905
308608
400899
761477
338204
219114
285061
679537
365184
423468
172170
671277
396191
784819
374010
473279
644606
510991
435338
234344
677029
813503
494572
623322
659872
499519
178944
638574
291495
195372
328114
966243
197672
216680
173687
243613
972607
270071
491975
862440
503525
859266
164620
545010
326247
286443
861188
908070
886370
157010
656040
996120
612461
491866
895555
449092
554130
367145
791531
517987
154819
728562
304122
999367
940302
671427
339812
653585
203632
538488
316375
857062
255031
280609
551084
946586
905444
919715
874320
312673
538915
961646
890778
818795
955870
743692
425025
261743
103475
376328
533938
746595
690310
517727
492021
491372
442705
470560
541178
672384
481321
164386
797545
791272
690219
745302
928201
584210
829266
935455
233533
181820
765353
926889
681533
417474
172212
493511
325718
130885
609808
690520
606614
679125
380749
709844
555660
655304
308246
719570
239968
268232
508824
797994
575470
373386
388287
535899
540148
540013
308989
813314
739382
326053
553708
692682
591727
550675
564006
961390
673177
897387
788262
320150
250914
478759
733761
673108
291185
963614
896768
720436
517991
624156
557641
835050
741388
708240
203893
685447
608365
156278
316009
454234
109670
581090
802962
812590
440331
848463
262141
552966
859022
922253
152357
458069
660990
765799
358457
534364
996119
649429
856460
818177
492202
836200
924119
990485
295434
741271
527520
880285
175946
424391
828042
408762
545796
976418
929523
957679
808731
978817
552199
378978
925250
606726
948226
489308
509241
402772
700745
718534
457779
696460
387754
202964
822046
633918
400699
173558
549423
131422
130083
840983
825821
559754
265074
137323
355566
712287
999935
731595
428623
459391
722949
613365
823446
856574
881103
256230
930856
634368
631473
881355
330507
315887
438002
326785
693103
280565
784012
175523
148396
436907
806798
779686
769640
646602
117122
358683
814918
636195
540650
816597
695785
805702
169894
816085
713568
650043
741949
905763
430222
439561
371125
403679
782633
537164
157112
902665
178722
202848
525204
460229
951689
758065
116400
544538
381429
798892
537285
622513
382115
307637
657807
735131
901188
541385
147762
236620
207528
372115
128882
276201
143123
378089
899469
194359
272064
267171
379741
327175
218649
875752
545972
975284
147833
848811
909344
448300
141077
119608
219843
591896
238782
174275
151697
351480
528164
488352
388980
296945
540027
925224
605706
504772
868272
983760
172824
661010
503697
184810
376545
134894
292917
415824
389441
273370
679007
550783
679892
734754
476221
458970
163048
429146
696913
890121
289270
244734
833797
285977
300304
934456
122627
647013
213058
862831
415924
101231
436718
785460
572579
745274
551402
900440
364356
136494
895512
705767
427994
912874
765117
348647
914454
891101
909641
915620
904006
889225
408562
791850
923041
597095
533368
354421
995429
869071
773045
584579
955797
699003
845268
334922
512275
765725
869561
462196
274829
120430
341085
746289
162553
847154
129565
973509
764629
591372
175603
244322
578388
927405
448254
575593
174273
337007
745207
713168
804887
168153
505733
529395
179005
780848
480510
270722
715986
637549
227986
259423
827949
111497
706288
394120
579941
238651
861465
874948
838696
886168
983723
934808
727577
766218
179114
207925
749820
276805
138554
326603
783266
606293
656236
429398
482724
670833
624263
344921
412078
461602
130240
749008
726676
339483
896875
213227
613791
811680
123455
588734
942204
737001
361767
814897
110178
980281
476916
932619
687972
518227
260103
321268
317095
568358
857745
978465
839515
968655
564602
750238
724106
600363
325404
514543
176914
708464
536997
526233
548647
522511
987250
533449
697513
222455
963847
242470
267319
453628
488971
235511
719863
386781
552394
364272
481316
643516
900479
295605
258596
391734
208139
773035
129583
819826
466471
406041
385254
176299
807063
301728
973619
159366
544134
326433
790075
724436
290443
783158
616784
855641
522222
114159
395850
384408
973760
895449
973061
988277
193100
678252
713448
274834
984914
916205
128018
890716
591755
194814
944154
200909
530277
661011
997493
425584
265623
136352
466320
525011
813445
619976
951055
752160
363408
790573
725887
395933
455816
182180
424332
632140
599246
880350
311239
756403
277529
620767
788487
596160
831030
655470
865005
428760
762319
721902
849051
716829
244574
377652
216373
902142
824751
213601
184267
645327
710145
562232
995296
987618
891910
461487
721923
652287
414790
977767
156726
325641
319018
161090
848680
114978
404744
961850
577791
108891
244490
896162
980380
444475
412183
825517
855694
979705
218006
958568
950317
374780
159160
945960
574532
246245
642079
646979
438708
434652
201577
253972
336917
998159
972644
297042
356727
206896
330726
797459
105831
398665
771938
379646
962724
604525
622328
252280
286034
273870
650258
337952
975817
235792
828244
307463
843764
807010
921537
531989
171792
117488
400495
650336
654339
593411
283136
150409
629510
904285
527016
588581
472129
590539
658489
879576
589929
923262
436093
599920
248430
904187
432398
814201
684608
612806
136025
660146
287289
463248
247067
134262
259845
599846
405407
353311
457240
495441
361852
142279
486650
483322
782571
461821
748242
914447
522249
321982
235221
190379
586692
666638
952515
596104
940937
893332
818483
266757
255305
827664
275370
161585
861301
475132
110613
134642
472205
495739
973652
109648
518685
202927
883730
876165
313355
914120
750368
231054
704275
638756
835305
945954
902003
651493
454462
270247
154882
854675
659390
287223
440612
455283
122643
408176
642003
748781
762014
519804
762392
933087
829304
951550
664526
684292
522121
694166
160399
931722
831550
399571
833998
649548
858711
888005
565476
831544
791616
126151
301699
358714
932565
795141
146471
822554
826447
142275
481660
791531
198756
166729
712811
726722
611376
796616
376552
315190
937340
674338
563545
657609
229133
391358
659857
368540
373716
931671
941660
589671
603289
600154
327903
961471
713125
407968
690913
353772
133438
352033
336456
937562
435394
761101
916575
644626
687989
460740
437386
497338
906318
985967
607059
158649
251333
714190
658389
703797
215804
121197
486890
273304
136633
469273
276162
964188
435843
715470
701264
876478
766861
979487
647868
435822
622467
438916
350370
999975
490570
529551
415388
552357
347322
822063
455122
640918
336401
481254
551595
381304
283357
650708
854594
623592
230345
791624
939016
797620
150363
343992
595624
619016
845910
895930
886799
162985
478930
550307
813972
330608
587203
999967
462523
165614
388324
692388
199158
902341
339111
153177
244797
708237
565741
869014
544552
128942
965254
675427
785356
146916
865550
504511
937312
103094
542331
100557
763924
824326
756118
125020
277093
913738
229760
310002
441639
988021
837715
679746
893155
247965
831111
963259
512013
948075
550963
227038
164668
956689
911211
398993
735806
710623
965257
606577
280212
992915
712317
644369
848641
390274
669946
679568
587184
249195
881312
929455
325892
702150
715796
534579
252516
292878
706693
536902
656963
592597
445996
664296
770075
254470
629275
833052
918316
887785
885812
541818
900228
331367
115874
896028
563575
593180
355040
697237
321914
260151
851889
590417
899084
527396
658118
631915
353520
636257
346621
282215
285065
167128
510212
428981
194294
283322
828082
510400
276495
240570
823115
939365
739719
882054
464658
921858
715307
345407
932250
773318
160071
634941
411305
454916
299330
771170
662564
272793
349968
781820
495962
783347
905232
958340
504740
608483
320003
439138
279220
748267
891662
469391
510030
543816
274132
781907
185776
522678
613950
129842
697895
580211
827026
830965
807036
357464
583677
579254
465678
551575
172252
661043
610057
106323
899638
616998
943797
626031
168866
351451
708963
954268
757929
699778
149456
226654
799202
199915
775675
780207
959429
919477
723919
621265
732381
834689
342859
790935
710466
185539
448762
397424
690155
535296
555263
160493
659790
389196
765974
462140
224968
209923
449474
962967
274780
704883
763242
372604
396567
171391
250635
644185
970931
678501
524712
776470
307204
540397
546714
403185
685046
368375
666190
759650
211242
494108
203111
469130
650859
833173
712241
327792
261657
676827
197638
175932
473752
734428
979095
847033
963735
391553
682268
877843
379402
137349
762858
473220
258015
179881
920624
892389
361234
604467
241784
805558
860681
378709
798430
117918
870151
624369
894088
392773
976908
669630
978910
156166
666642
857384
848523
107268
465116
403313
263449
348977
604445
927619
696910
506876
758128
415465
397501
811600
710206
964209
345110
959053
703909
780917
333286
582678
297154
234828
289850
941513
348020
241035
835475
572659
461486
271828
351745
295352
508042
807387
980760
819229
302545
491826
527363
438265
647442
531030
511676
432313
776286
838245
138703
842908
867737
760246
407646
296274
127101
517455
369165
111450
733893
865943
559916
934662
693276
603869
103461
590085
919270
929819
622303
162541
878913
309560
188950
563797
652783
239721
348810
841250
273501
428003
916504
522931
541612
679161
175422
483864
342180
428313
102277
518139
942300
323257
128553
225383
108953
697398
340524
921588
689574
637204
355387
951528
660327
429767
197622
353690
975153
557354
778935
996419
589387
806578
255117
962760
868391
101592
781631
513701
256509
408394
527135
901263
321223
897435
582705
569773
655880
323559
762700
264302
824560
404505
724241
511840
591523
304698
859676
688346
203563
857973
395278
779439
317746
204337
885299
590900
403703
930974
622793
857363
196317
304494
119364
274818
215391
156168
603044
170487
103001
645169
469059
286484
656334
315128
138358
979740
374158
286189
569952
252339
192343
461838
560755
825192
612065
127701
501567
284070
400940
558913
349134
195869
784980
350996
446535
769641
707709
677186
862685
367268
630944
336154
167260
933620
579670
550238
524661
640079
690998
355645
862059
352967
523462
609821
266558
158712
923574
187570
998650
427473
866170
777239
668322
912755
599031
681352
244203
530920
398036
212372
735352
988407
556077
487516
173111
878991
790240
707716
703231
487607
360861
781067
140998
909202
778779
951370
250517
999078
617854
623243
217523
220451
148201
380133
450211
920103
435824
705076
648437
409602
715114
515104
644408
912491
969281
797286
984118
653056
605606
266119
381237
535229
583122
202918
303987
116095
571727
297133
761807
111405
885938
292821
893729
430121
299570
272327
698896
691036
841092
218189
879401
421676
920352
301776
176233
253903
591623
736840
320456
667854
350561
851938
983665
137917
281432
557140
874545
848707
503689
312342
586621
944033
583253
726767
484525
115470
445707
866179
866069
660187
325242
703792
228636
100916
993095
184387
371424
904234
858802
881392
449565
987094
590523
318898
322668
980616
354244
973051
347305
185031
180316
508002
528346
304346
601785
567853
686042
182198
197438
737645
499489
295743
268519
199189
186188
988538
238613
986090
387062
394651
912991
378374
123492
641474
795646
113263
399974
171755
229128
282925
618647
986118
513139
411329
497351
685748
421066
969615
723803
778711
785940
427964
986599
653762
521550
706675
963844
100679
625629
765105
908746
690872
941469
546956
526447
471756
100529
129821
759607
263457
352416
616398
339803
477972
646757
659999
528601
900876
454517
401720
341366
547707
786627
180149
519280
709198
607012
502743
344691
658746
931923
483423
333364
326909
119589
164405
208205
535884
222609
871429
766691
394061
514037
964826
473745
915435
471636
390407
564340
758616
714973
450288
146482
251140
505528
988001
125155
527705
882336
270020
724530
322334
563099
712637
238499
229220
400746
567141
253557
315448
552208
327136
549981
471525
959910
266656
772377
309592
279792
673119
407499
668791
465275
467631
799275
544885
390843
327874
555450
622034
130920
695915
552117
169477
524542
216281
711305
838049
949835
174119
389118
844719
179213
242995
725652
441687
657930
425158
332630
341322
852306
973257
874944
695033
851566
666252
346671
391792
583843
105365
157141
730031
571039
485969
161672
915525
433358
499513
466797
202296
562341
883202
553697
796779
138519
988678
689960
473857
176194
317217
628989
399917
671202
418357
306500
218236
515662
391441
720096
706572
900179
805342
691778
202780
842342
406906
963433
507230
619017
565003
589927
729529
130480
223472
202380
677706
174383
778086
660621
282646
706703
284655
509118
211583
718769
547498
324176
681363
929324
216156
525772
243756
941931
248575
852414
727385
450411
938180
158503
126887
791129
238326
770942
162298
729606
839359
553834
649897
472777
443495
355443
524845
950797
165774
996616
494900
460771
693208
987804
729303
586678
644275
247810
684966
788577
248057
919931
626204
622478
726748
469204
966903
960383
352442
199651
646188
857780
882077
120811
201965
666409
517112
989254
674411
752680
617204
559466
474227
790789
590342
489699
325496
776291
606335
384650
451768
431456
931542
465139
660988
672780
567890
423391
437821
426304
892182
644278
662242
396851
355765
207492
982487
118111
341119
492740
296509
716511
773231
361533
926411
757971
428515
722602
780697
919670
565729
127324
389922
131873
665732
163920
761722
360744
894512
443985
809312
738329
220042
636736
520457
310597
166408
440040
854953
486084
636187
391068
688083
248961
899516
378005
261683
244728
603570
188857
787109
830569
499375
488180
187929
904445
930228
312178
946637
617331
115561
979921
115937
771834
179752
116660
866109
346338
955289
130283
300795
524205
588985
171699
682742
151293
203456
984740
608523
502023
992240
433642
207959
699737
774614
653020
809147
191087
788512
961007
996319
449636
116725
853411
767837
347399
949375
749306
349281
165828
635088
627807
716549
331882
402055
662404
740934
205818
222907
408637
973237
435488
771218
641950
173703
821237
363236
120766
108520
610661
148187
939273
346817
703829
203726
393369
143771
133850
411162
428127
510340
376911
876914
331466
177927
949212
518414
980606
796060
258382
438181
331636
815964
362489
585840
394724
411280
458066
700302
320028
558034
541334
308032
811738
894485
728651
602718
170443
143463
977284
642092
803520
771114
954020
539789
849909
610880
934035
342143
194111
977689
712318
640691
623163
844265
351755
318892
656063
586401
921221
631524
649607
536994
564864
818606
199606
915422
707608
219943
804765
899015
888455
299258
793497
866975
153687
516460
542242
356817
989984
289388
941566
788349
240579
633140
731361
702773
844087
224700
819800
184464
208898
581685
335529
860729
839264
683759
179666
630335
409394
323657
809700
549918
549640
276416
827974
902046
159993
164977
633147
956300
357807
571680
413306
549471
987636
194944
647266
810974
901095
844211
805141
534009
523606
330410
972249
272792
226053
837524
357311
752994
207452
842726
400512
507726
964268
711901
596017
242344
965513
455995
450905
832851
865451
725189
699415
954633
475392
484740
932728
486448
380982
602484
525473
191345
216986
900145
957361
669580
639502
955743
863605
176714
375533
645903
788665
466809
575317
745090
138597
903430
802962
922995
645789
738915
324403
975912
536505
779559
936324
497307
309368
761789
363119
780041
591516
254709
886758
201885
576591
101656
600871
800497
607602
542101
719937
111496
767127
442090
842424
424224
943074
489061
658766
500655
643824
139871
374572
681586
218178
898156
379448
852189
710106
368248
563249
439454
305321
330411
850541
463078
663218
247340
403207
123984
402343
248616
457453
557345
500763
286179
935846
673599
953481
865470
626115
244011
477012
654136
801492
668956
818409
961788
826495
847029
656482
935465
858708
103199
148377
351424
882739
614029
613256
946017
276184
650776
735510
642682
870783
250855
110464
660204
436453
411792
602214
844541
571822
406005
162008
144572
997211
524513
492353
930131
581737
460825
757110
948633
468680
251495
580173
141091
181517
180328
850059
365019
966462
260705
586427
975857
721990
211804
184549
645036
677847
330068
718769
707562
242684
744120
642449
494400
823386
603750
811142
470649
532948
651847
374268
483105
359587
634795
307158
236637
625430
731735
527890
706469
229240
388523
223739
471412
749819
850112
144593
448330
497354
609949
548181
982703
465193
636504
478168
489526
412316
250769
103421
559830
249801
830041
746693
779377
685664
407740
451068
803549
224462
408150
612038
852730
524049
773401
875090
668280
603376
338673
625486
653491
743411
694958
169146
227908
215400
628614
404927
529116
567357
863642
819552
799534
625979
345273
876249
728961
354790
781423
350792
591115
301596
622367
865762
739232
669477
691655
171848
246458
907631
473484
878501
728496
343407
833268
880987
857405
721174
234973
896343
974544
379443
686308
644495
740682
324087
811016
199982
167608
781269
240044
533040
278070
657219
259044
396275
287873
132563
133681
452467
512292
109464
341509
392975
795199
429375
527701
680065
620613
178787
735784
451979
670975
296460
146604
899002
273659
232856
136382
405376
884621
903328
684158
527047
981299
999977
413656
749630
676630
335169
370312
431716
622627
450906
362429
712089
119911
288625
208324
931161
904885
336719
436970
743373
308392
602681
510169
222639
961169
398977
291735
919015
344463
753311
478448
419490
126353
386845
691029
271915
419570
620087
184876
503798
963059
326482
387842
516708
149783
377332
299771
752591
529256
338916
569285
798560
618545
385487
812591
311591
889790
708631
505905
582872
695065
358165
877735
226406
498056
425268
393432
808996
979058
212262
484022
219884
714757
124980
326962
700507
517714
247718
713543
140368
884124
224838
975624
903754
699056
464735
939911
312806
707971
257791
933629
558643
167092
137421
654910
482068
935415
258879
729875
841136
535173
384358
221236
273344
425528
815346
398392
658664
749099
461667
899933
449997
245902
168467
872062
285136
924154
541394
431107
432611
993627
985333
644299
516041
915848
550826
405709
664019
725520
411633
486792
123922
860024
673242
809404
350701
550375
892520
140959
313943
402282
414082
199014
815408
234543
367947
432242
983588
450165
116664
439126
213052
889444
292570
512383
944884
378412
141769
150463
931243
368436
362911
156859
528397
523080
231430
661372
585736
872174
296024
275175
228973
289706
433716
674557
466091
382033
381269
230728
553367
838463
666049
146454
783043
426371
419209
471677
613465
949033
644392
880481
993293
419874
226803
537761
606400
500183
807985
231858
582846
441154
786964
651657
891772
496249
174416
803848
802760
165074
633019
914177
625403
196801
820593
815746
398418
939006
453188
422609
543014
580926
875294
942421
597615
192595
953045
308389
372780
892714
127293
209488
783019
767023
465907
649829
433043
242426
166504
918614
546525
462900
421604
715722
847577
268223
599889
868149
552695
922072
188628
430138
924868
948564
796054
844295
232595
830321
624215
856520
641421
568357
159701
515130
668517
825523
984384
309223
382509
449349
901994
647906
443531
163707
191626
175677
810656
561157
449814
777699
761809
288668
851457
564148
700567
498789
707578
759470
957135
170152
366720
969156
156064
526305
805026
684819
756980
574927
875702
171814
573096
814174
457529
217593
777382
671763
463336
111853
627964
886924
737184
683504
590637
716024
658096
832620
467802
252420
722187
597085
439053
834494
921549
709998
915706
284214
176527
220902
303117
604373
550054
849598
636370
985983
728986
120762
787967
696273
292373
742954
463976
468805
689205
371902
503753
898676
568868
724323
929227
488000
311767
793127
486557
386735
690182
243994
494637
359675
628526
197635
554123
397553
319721
367754
847844
188593
364275
695502
132450
714064
474286
321896
844624
127307
155448
107579
757245
830117
339655
943643
477399
588237
598029
839541
208980
738711
683166
980436
660927
607116
480960
973070
405374
823195
548451
603985
129530
683717
392457
430629
499300
350909
885574
834305
653680
604028
838113
433871
969070
996729
111187
858034
419229
511496
928264
659704
234112
957735
957136
516940
752934
842921
659831
159111
159323
475788
717346
588743
308841
509158
448743
562088
746495
339069
325543
356469
500734
575125
442752
621858
504960
951493
773648
735735
826294
813454
203370
453985
944290
409197
965004
355568
568615
948897
581891
722351
762977
842612
336554
202830
769988
465648
343509
957636
966317
820715
878532
376566
246271
433937
998988
858466
421710
859903
461331
534652
639756
832397
913372
505541
906021
551020
132316
499109
214482
289060
972246
745415
979023
405250
762005
248085
847159
315810
167624
239774
557009
426004
681886
407587
481540
137403
336307
285217
104498
698162
306589
772116
740797
962386
798236
149074
122803
796802
959785
473783
184924
773693
113558
693641
717407
975465
821986
889082
872798
842467
904676
851588
643372
608725
823120
823252
734128
772638
708566
831711
823802
113825
480043
313180
579465
471322
894411
740309
479691
245152
701641
100559
888521
103800
972611
655288
175396
993120
147142
849023
836463
486799
113479
405601
959983
887787
955567
224196
195717
231341
362468
356683
336876
737468
578861
169951
872835
355145
714481
145363
584461
722101
461489
690950
107829
889785
571489
871330
716957
129974
613748
429926
700004
557569
255066
662648
647929
780180
170881
210994
707707
272743
595350
191992
507164
135813
876856
633189
734594
729331
883138
229525
836139
631231
180345
803717
883690
411502
521089
575862
711048
214958
273711
946003
417972
327271
251235
121705
888397
812667
955620
950905
263993
757151
255510
830650
225292
475476
603054
956772
942053
642988
312678
807981
755864
468085
152265
632205
483535
646767
995125
589985
218899
303558
895885
503804
622850
104776
140294
445855
944574
323613
435423
623129
909755
219897
963006
490393
498067
910323
362365
509346
880317
256307
818930
282209
574281
261555
567787
440080
744158
652748
318678
230926
469512
125940
517185
954501
712399
542509
960795
136136
110550
943808
116392
913991
965478
179705
769514
384571
409252
722098
542303
318959
171848
819634
917951
466053
428464
798436
671094
863888
437448
169637
903692
266304
767042
284047
277299
461173
100168
816656
164887
970982
797043
625227
287719
667521
769907
652316
615438
863928
610694
722912
439465
844298
680041
281876
992753
792682
594858
276968
744280
846584
728841
671290
446997
752761
851098
221025
209700
579440
969239
871321
549819
875091
659441
535202
942549
247386
563937
210248
927200
472628
561451
812000
192726
336321
913168
826329
844440
861501
502354
745593
419858
759540
627652
981197
464264
716853
259732
774884
292704
888621
586458
806172
856567
289953
391392
794588
920918
675215
947702
357616
280769
145137
809232
429790
848797
389178
981625
802241
589330
583578
595942
269857
380843
893089
710173
791538
773886
801457
694451
822469
392798
177979
625990
283382
425841
875356
440374
225397
289238
860801
486823
345892
372488
468112
825263
430499
321540
844126
528118
500797
130906
691998
279906
693603
144340
896605
234563
211701
158645
536560
407981
268605
348457
909807
710989
658214
901247
779142
296419
243283
559705
581203
810517
731551
756622
754184
201572
162667
295458
163256
744193
678645
475574
515539
112675
480231
837793
708600
458227
343431
380562
999187
834855
675556
728684
817648
350014
963723
135382
290066
934956
182465
179678
331544
937176
281592
693012
303398
692340
392468
779141
289494
441030
702902
717121
511830
400345
226495
268498
309144
970671
491000
528302
996211
369212
156793
619833
710270
780033
467305
302535
946106
532681
265457
250472
833774
292217
850912
811570
681480
956481
347305
133562
192058
828271
348627
639576
656318
125498
315535
803148
828165
496952
124947
734462
862725
245826
163796
551966
804841
829349
764306
640885
148321
213755
350455
246190
741280
821117
130476
993100
918280
501505
581471
853734
687389
593535
667792
830684
245577
345952
531538
608032
326334
791537
886128
548172
824876
516486
723966
677543
690694
177388
426294
444684
959092
145816
544141
344137
542842
709711
838009
653546
897784
841349
359326
136554
107721
660672
460854
623375
209631
414748
764622
301664
278314
270223
937997
955542
862759
580819
116913
996231
685192
428938
966137
845334
837951
196068
142548
520855
778952
957549
861039
887870
352938
580880
863431
729528
961283
830053
263344
134263
536860
482564
400368
381070
255342
514536
858398
955767
851896
604820
776352
661453
494092
863957
588251
482949
422047
836722
897710
539222
398286
641443
789197
357328
690344
597210
148697
205964
950613
680152
334471
177933
594661
481169
533473
554792
157906
302201
179909
400292
557119
323477
655768
451600
697969
279447
693638
439204
139640
846431
948306
277980
974118
418224
681316
504772
133995
535106
308931
291099
951046
597900
814598
198870
423823
396723
892694
869303
664404
287079
468090
859052
332512
947455
677792
216431
307579
247705
690906
406165
948501
195383
394257
760678
653062
806290
765210
573983
732426
842262
571596
315806
183235
181254
468057
495063
152316
819463
535090
850268
738592
846410
286305
315151
302284
237873
857480
659244
159904
770624
756454
799784
624254
602897
178552
627211
248872
106575
961450
535109
362655
691864
683950
497179
345788
982149
781239
790434
543380
412121
555315
475667
720491
260791
237571
690149
399354
516717
107370
866538
594950
945942
615582
821993
759511
472595
941268
801246
603663
312254
973653
998405
830104
524847
818936
983598
807057
926710
414270
104392
410714
570502
428731
322126
595689
553602
941338
716715
675932
979595
727820
974555
989105
467959
625009
851900
200117
981011
764837
433532
350629
848811
980514
162508
547467
736602
366997
661207
538025
575751
553193
450422
338636
855922
919832
840510
854518
922756
115582
590980
620470
894845
810852
373788
314116
810428
565839
560263
451804
633525
877444
133302
164157
950800
157868
504786
534325
222629
304613
648404
305484
947681
134162
992913
278134
626475
547279
524531
826608
263184
253082
507948
283585
918144
577584
910640
169369
382506
950644
252880
657945
120474
592239
547212
387244
366935
283156
297004
651833
953825
266116
494416
968992
994446
555224
114710
536602
564214
100650
513483
500285
610472
930267
230275
834058
374482
238886
203255
768454
594351
957826
279300
759158
422159
654300
724304
149680
874250
266769
269171
593914
215426
411038
345772
721423
374935
712466
456236
104633
506314
448465
554940
205672
525433
833671
930840
910576
778709
356776
945798
826020
398615
279302
754949
889238
948857
154430
766273
860135
342354
837834
808556
585939
373091
441712
624362
139864
449335
374450
416498
499568
518549
806228
952624
819080
509245
277911
304905
534163
776070
363303
969936
387513
478729
212233
837006
989817
166460
811793
142475
614341
144510
666994
640304
159884
460638
799833
331489
246830
865417
368727
213214
872766
591058
436323
537186
297078
406105
452871
923775
212948
509801
956463
812034
996448
374865
170065
537697
986655
658276
885220
208194
127954
100224
646494
428995
488829
820485
200608
371965
457595
791640
285322
415748
986827
996392
587765
385742
327775
801752
912647
530618
704800
801727
235811
239427
566554
204843
911183
893314
556448
700397
269894
602479
914161
748207
283727
813463
809483
625378
642671
473540
447759
869752
208552
809025
604555
924426
955649
565942
961887
383066
987366
124394
336754
690789
824372
401664
209888
677425
391943
138750
552772
661945
170695
992103
637270
716594
968449
860325
303197
873976
196771
844510
436738
650102
143201
205868
385856
124094
762853
931683
271946
401674
770666
279380
745963
591106
544996
326570
362453
726366
910930
118175
836456
154124
760125
714665
271254
281667
968004
813152
839619
424276
444362
839404
473756
666365
266961
210694
950175
808274
236287
860540
562519
332375
373868
298200
329348
593199
260045
951132
674332
491303
662232
168633
218971
216784
548230
424932
402653
211626
122199
326911
944522
462112
833966
458346
488665
550394
215057
809645
810826
891627
137685
230620
551840
846448
701751
975010
770896
284559
953048
527699
558476
589809
493655
459136
698072
566659
539092
480548
941633
662320
429100
265297
360866
341242
525615
348646
232134
712133
112301
449601
881920
895562
105129
923869
263259
739073
180218
133086
373294
561957
744137
741562
758321
961198
499447
757939
223676
296649
451534
361316
842640
559772
817241
568906
187041
897947
778220
334483
476364
848728
917780
453577
721561
654122
677697
154327
550144
890671
689898
265474
770144
491910
743857
202957
545242
603900
816681
899522
539959
764327
885209
477771
475769
285626
255949
759744
334239
507566
651323
992838
290700
522877
935164
379745
833557
537720
813670
701748
553933
492071
234852
867719
797132
194799
928338
956125
177054
191982
600278
192693
168889
532950
688668
395643
406212
331768
320004
111595
543535
253701
189896
944661
174404
940068
600245
764323
540923
147876
271994
603148
184673
121745
793350
518153
935054
723201
621137
336858
294347
435726
747966
341782
734024
850869
661880
774074
369471
105529
430733
818137
360104
157910
702286
687708
775712
349790
851131
144030
765430
520386
664718
315958
120729
628149
903746
213294
694811
587283
350091
187438
597453
907569
948335
965116
590646
728951
653939
980860
618454
446283
238946
687050
736224
752124
397148
112657
265781
529546
173397
918510
507168
778508
261638
849813
399785
159172
829043
271203
325436
503706
368250
924584
153972
789909
199481
321623
854782
546785
945468
324170
517212
552479
959707
492560
138013
220741
970559
848940
346553
916492
686971
653527
262641
461535
460365
793171
705712
927539
137281
517792
179750
530597
999750
973150
842992
124588
203224
483147
617040
348524
185833
897585
481544
710111
869670
734340
270034
684667
213385
655159
812883
409878
677414
145830
991780
632798
338059
597772
103306
366509
710758
350394
241180
238078
400474
149608
459598
515971
375915
225657
167893
341653
841410
333414
602553
558454
310010
411756
507246
422398
661043
238737
784252
599644
255785
488859
816283
941691
854026
487514
506816
809746
375587
440499
826762
516105
996529
318656
489391
389301
360007
131302
318376
969127
409969
782061
938748
404868
850013
880741
384401
356833
423549
513653
374619
142712
425361
463327
379096
590428
634582
281670
314403
576640
495398
408157
329837
573011
890636
501368
760259
276838
302675
272857
962457
374179
278323
617897
732049
148780
140610
944384
339519
621820
239571
159348
984366
361506
974733
460365
201855
710584
848807
731261
944409
951923
150987
125394
716197
800475
228473
217945
627181
800767
247318
162072
769769
634670
528742
515208
922330
918169
134248
642496
422851
272914
831856
644797
580718
861810
419461
217650
230040
623735
170643
679654
880267
471559
173352
550853
377149
541987
952898
568560
184642
576738
254442
644904
414849
634928
557966
950171
736696
690911
650144
794816
198424
729408
151048
520061
211053
862899
920460
168547
628741
936295
417719
349964
809733
907108
100759
484147
301093
902742
713691
917739
790342
537945
398958
464541
453815
622909
403181
796303
427539
724773
823715
624904
998851
762155
420914
851190
570515
766740
394087
198334
652782
848060
120585
110488
865701
989204
125259
493034
825418
657858
793829
451857
429822
956500
206885
939967
861959
365036
749005
456322
414210
345929
984063
266095
536451
928212
661703
736070
168331
572104
308556
206103
443915
669389
768714
917255
251229
613251
397129
218915
145596
371106
604961
897551
495072
374895
986603
832814
325161
293126
311619
347086
893695
686891
567872
366226
983833
345832
663426
968194
415894
376559
577575
399447
105092
373740
195786
583221
216662
161603
152764
647983
655537
744010
435949
267266
917349
264093
205590
794750
492510
409904
505559
413472
309934
738517
906903
648713
600132
850204
421009
774658
499009
761357
749226
241449
323388
981611
680549
605876
935256
814961
348961
623409
371021
490524
394680
908845
809697
728489
504811
681590
578905
673199
625952
747079
502938
858428
590360
173171
515595
777133
887127
711596
444587
874692
932608
472272
315684
827414
827234
381229
970989
700723
205825
586831
405781
655598
356370
728161
303073
786988
637263
146855
939210
935951
621232
849834
575551
879009
390447
641872
161638
450708
802991
809733
143924
505782
723438
324511
198640
962778
580881
330992
780283
568452
693542
734136
200952
239531
983058
960694
845027
183850
715616
976810
632831
413691
817450
720588
625327
557908
772228
424209
364468
885874
816253
710800
828281
718869
628903
448145
104607
869315
721770
250019
702977
202545
810580
550519
954359
901810
945643
297129
320909
652486
529687
243621
826235
510824
509413
832546
337256
590891
201704
655900
369750
838985
661622
389736
447500
973434
494579
443065
594285
716432
655519
777364
956316
108886
674456
502346
499695
585559
813387
607439
432567
217235
764230
980770
800429
703306
725131
921305
433394
350886
818458
425955
256167
797564
483677
993259
248887
658580
585147
571719
622212
896143
297397
467690
788120
896819
310721
173947
975252
538569
696184
487155
406844
401046
835913
430163
614582
737361
656047
439676
161641
890060
900494
125453
937179
673885
846996
651315
176200
290131
716816
969135
390675
857287
480266
499015
250305
368713
641217
381186
181959
760590
537094
426845
253223
650083
874887
600631
762202
662737
504807
873836
238306
604807
294369
842542
508575
396788
441889
589703
637404
801323
894419
588296
387615
400879
663284
613556
163526
695984
812334
525169
381069
774675
609318
778923
728135
694687
412149
750613
756882
355184
908684
106188
326332
527701
731333
175631
460656
653992
971826
914429
204416
882813
423947
647393
505890
848053
434956
844284
921216
344752
647580
693286
248731
214968
799423
135417
357567
315160
249479
116192
724149
601750
695066
300805
507850
675030
478043
943237
187625
377744
801990
296221
142269
357515
170216
379506
623068
790685
405453
783401
493326
439938
256079
390694
398620
735052
180719
129846
878584
960852
757590
822717
123835
726980
131530
993636
560141
513937
674662
856561
919688
771595
521666
241810
692865
974715
921915
251986
542908
992260
635902
106876
126149
655429
425555
729943
635445
348730
325014
604179
857567
138003
139328
865839
394959
474258
568187
446637
230609
645742
869068
873902
528829
690048
883828
936066
506819
148921
506331
375935
933035
787578
260785
202240
383752
549038
386890
861409
688291
588543
882291
434439
868555
152777
377639
703484
524153
630324
626228
109318
566958
836887
210168
465513
992321
375360
420567
460012
806705
153003
783983
893382
313946
983332
901815
131790
527024
421325
438912
437604
237646
343822
407358
546822
645714
137635
319132
898071
767944
981505
322715
890246
433259
793452
150317
192338
931886
988920
536340
119494
764828
575214
851511
552731
824418
728703
953838
894257
423868
524020
672553
134927
939715
532420
842904
418329
395743
438129
760454
907136
297015
400402
441584
457692
304810
755132
665717
964433
639841
920690
884240
349572
737855
553032
450407
911932
935518
551943
960735
422981
714147
399927
845114
678929
739345
146924
735502
690154
634003
715116
907802
515239
589585
548976
819676
258216
548772
835926
142187
423247
638485
392508
941018
453965
144501
550251
711530
550837
623443
159322
387065
219188
100971
207583
351617
259837
753922
800562
349173
449187
863047
413561
353800
609254
117300
739014
387522
472726
576409
280564
727445
313408
269136
622423
690804
446534
649856
842305
773670
700910
700157
468857
223605
286253
133632
873497
908458
333501
389825
691601
504958
611698
989619
359236
232638
469629
287560
833082
149560
763384
219915
255078
604335
661758
217195
598001
231522
764461
374481
641780
894182
281854
335864
726783
334051
275685
390152
763301
464987
393373
781920
648863
414001
908528
502238
805340
109555
723561
504938
488696
456747
198336
104877
420058
771823
987002
861960
550424
755331
199603
131832
910670
151908
956308
387297
752685
278573
777152
153008
307019
772578
603982
796342
741533
457942
213677
983259
373283
539437
568894
962999
105771
386163
446450
526771
458616
707517
568372
911920
679425
629433
550493
489113
722246
970538
643071
644042
686457
192824
114609
579457
827428
582356
872706
741993
466730
752278
472393
208315
285775
981919
182825
352893
466677
629323
518406
595568
574130
532609
937202
142268
364618
453333
878040
898394
130921
427418
581881
648952
524651
483845
398373
476296
593062
905708
437256
284143
395003
352351
496137
851306
526320
293015
562640
738254
636171
969905
467134
658249
242704
885549
697556
269236
931814
609326
904664
190308
960264
103675
598957
594532
564909
684429
473497
520460
288706
565720
967170
999430
381184
137220
239796
113616
185319
233670
547373
140322
261738
962323
386823
194782
944067
884764
442042
571086
433390
965469
330292
788893
938316
440815
685468
618303
805752
825440
414728
181467
758740
701556
500934
924425
878019
183246
102488
590673
283713
329845
220008
735128
225557
526432
718906
915810
270290
602557
298451
105868
417745
191799
132266
490197
298569
112486
458738
120716
794270
340313
224896
683511
633532
335831
198795
180004
281098
607289
571392
175864
277019
433710
955452
816455
253246
991830
681575
917245
858720
863415
558510
844670
472121
752617
876856
769689
615029
186492
979329
582513
567240
281771
354604
401966
226308
409398
978690
749216
236621
652564
676221
741402
809648
760680
656984
643270
357847
685371
530057
376029
481586
367147
694541
228057
211100
949249
309065
280144
162062
899023
437544
213030
537153
954470
824034
763307
247001
926395
708881
865739
670458
464799
998797
479468
152059
749968
977870
741868
559376
609252
675513
215807
927079
611976
618561
163776
385603
697755
117887
395124
710738
981130
859800
469047
198520
318853
135744
758907
967535
508145
117248
842991
481806
114399
863886
281532
190143
410415
870587
251587
750955
823934
719480
803129
276639
255722
924191
604407
798922
611857
409475
463037
417490
277993
869473
358836
684715
454373
554534
556160
316320
685804
433400
483685
621890
831100
190538
583394
967600
772416
363678
745601
907772
174790
114156
343602
217330
421117
893026
522705
103975
784845
667359
279461
197750
532580
762495
129258
436600
492939
658149
494469
168910
918192
970998
947297
724467
114903
621060
180458
803826
889823
792782
808943
940176
858567
102174
309073
933661
588529
728681
136614
622552
443284
270992
729056
581734
219589
941675
450321
551728
913710
378888
565260
612096
423468
205225
249805
807780
203538
145217
949833
843665
310469
537174
707197
251312
594065
572616
464624
473918
605585
665739
508666
523906
834562
130841
696308
475897
379422
615812
223190
933254
382196
663090
727482
897323
836321
618088
804265
580432
964781
283491
666976
503569
124863
452422
542947
664059
374342
346993
221881
202578
592674
540018
210941
395531
859211
140785
558672
523595
160298
898826
151573
865746
724217
680985
834318
382930
549377
529201
248542
285781
295268
476611
124499
831282
438705
530285
706901
602896
512914
643645
513821
852555
202779
793911
675942
961877
794135
532779
536452
731282
361157
746592
190236
631747
127021
115060
718837
407486
794395
690940
648079
285785
621162
485487
393230
945006
268253
259137
699388
825371
408702
901304
573031
144123
624588
994961
508729
635006
784832
136333
972705
670301
374758
111947
868096
875093
299643
289623
266298
990910
238409
505014
730088
857542
101831
614065
456265
185421
448859
914924
415308
307446
390169
206134
853038
699463
466002
625041
962781
656149
372486
523189
812259
256216
214552
268684
891377
997750
628305
451775
717911
643001
166767
586276
134509
827996
216310
322078
571191
940491
607486
601310
837016
505400
545687
421414
676664
257154
992376
975238
798852
661131
162885
868304
114961
778371
879801
367132
884242
679764
156865
337269
660238
832697
857248
954175
139479
494539
918569
566078
111526
433511
877631
281636
738210
373991
772326
945523
429992
179016
369534
769204
733719
973994
886835
853923
555268
780083
334221
910082
527385
569959
879869
148064
319382
776475
578370
352793
378049
324640
917294
809527
977679
616167
131668
368764
341082
941143
727954
703500
202899
390403
864445
730520
159747
484734
919202
926863
324675
867415
524961
158017
855316
429279
167284
698867
143481
136245
240096
143107
904342
919725
432461
432799
567357
786155
856475
560913
596445
209991
723065
170959
998665
899852
752667
243838
279852
764603
683088
909446
871116
236299
807951
716305
810223
767708
308982
541340
595354
919997
176651
562961
355070
418980
490878
515618
206110
463409
456585
418122
691151
746432
720219
892809
177802
292880
373278
371374
709794
505357
345881
456867
951582
920349
899195
104195
979912
847935
990553
671618
134521
968857
122987
472441
249146
120302
654504
176508
403612
979766
269859
180833
864370
349589
675808
870900
854455
810272
291774
992570
391489
835792
142823
834575
911733
798339
260729
433793
159086
770386
106137
957577
834100
103515
729319
960477
274461
184781
116997
743921
425286
967254
228685
978173
112694
766016
800577
331330
403622
106631
158052
492687
455789
177785
473566
657249
959905
961970
757688
497927
723362
252198
256451
236233
354944
548756
203379
548876
217339
466736
975959
283982
439251
293175
106475
307709
991431
444774
861250
274464
959494
499074
133618
392765
456338
550820
618152
331326
631446
950174
899711
516890
449287
284842
316537
479222
454749
666530
779704
748784
470138
667950
389737
683769
525450
903811
483927
313281
560645
519638
239100
410752
829503
943960
601471
959193
976182
523352
818673
352929
509594
337637
808943
403490
401129
767097
922514
177884
639046
703389
512076
610599
752667
758911
474583
776192
463655
132370
241005
423654
165602
807734
399825
996363
636879
948892
995635
305150
117600
552296
676353
627796
184763
892953
514603
454507
780309
268871
402213
769905
475429
990885
313888
705089
290228
306744
675861
712907
721735
713764
148888
854894
750738
174356
900649
140074
376506
314949
482111
897254
863799
501802
105757
394734
880455
935290
558883
582974
675218
234052
236758
627325
765741
294229
279453
166962
100696
359076
131200
237341
481659
336611
786229
108958
471445
572364
608406
530233
828902
283507
588792
225863
870710
276092
839690
810485
349068
494814
481424
575633
721131
487745
946936
352025
823449
163540
889389
182995
300246
716067
804426
461378
516291
999447
773940
474417
910592
488790
842422
748022
598369
113671
453526
858147
978730
699164
223415
107298
401526
231024
590544
921477
367193
161884
228308
315961
572070
767239
181880
353963
135657
389255
279317
303191
570043
384298
432611
224472
560021
449633
234715
304268
940764
802283
421228
237600
487209
893462
563065
404269
759903
118577
672018
870394
181185
869748
679192
559484
763058
437433
169254
600940
179526
498894
189723
877919
923807
172447
197623
822030
268051
172148
109081
589803
383998
648121
410697
893211
958482
332901
895414
578818
886658
124929
707676
385540
384246
971256
736715
508958
151723
269902
706865
389229
347333
943446
760060
609622
213071
479298
100035
663191
373191
860458
675307
119771
202852
752436
815559
392933
803317
792607
635121
362165
431546
831415
879649
623087
510587
169648
623168
247711
778404
219580
326290
160838
854780
821667
618234
974060
997172
114583
854145
399598
804826
867966
318903
912710
637235
694253
667330
962115
328809
479891
419925
475163
245061
152507
441279
100940
375018
271664
676366
376587
957725
529573
967428
219108
652218
514806
929851
401819
750929
438570
366023
764082
858467
832967
771870
530799
526183
666035
648599
326838
984023
394682
189784
292273
822102
979503
198894
984405
736355
657745
924480
424201
457452
592574
715345
364557
829276
399463
704767
553437
747442
712825
818806
931874
559834
397621
127920
508356
774572
813392
485870
291791
944328
764374
706036
203860
263074
843202
486686
660690
632055
966964
573775
899006
368223
133150
565947
808400
813383
516537
871840
706591
854726
675463
708484
751503
818640
583222
565812
680954
441621
920216
705333
973140
506782
923100
311785
124523
569320
257741
610214
692118
273227
602300
821140
201384
317581
938812
140311
804828
307743
828146
695874
329864
213633
532055
740833
559357
311391
868382
457010
444445
803105
701244
632399
847235
547719
605441
344992
665854
468962
196146
457409
371633
415008
707852
688993
655881
657707
731141
302945
477160
877700
375299
865457
749521
337089
389267
791951
441618
963758
154135
307982
235631
465861
239100
427193
956013
202152
848983
296018
152872
687877
427878
848734
789485
908715
705705
316749
648489
752945
934969
976109
530785
698203
238806
335983
749220
274972
758199
272488
265256
312676
889457
494956
664486
614275
968733
177423
351501
972016
352520
332561
752984
555987
150740
353751
410253
445279
675549
511769
823238
180391
237452
813900
356407
277071
236964
898964
360523
564372
777541
407268
322002
580245
957926
383217
813820
514372
824034
172279
393580
756647
989807
973458
381671
858885
628780
925388
901023
924905
983109
474650
868096
368321
443372
329226
628307
807663
233408
556962
157509
560886
836287
756355
885243
670308
341280
815276
930902
400200
871934
800861
511630
296818
516231
644872
372011
808468
431364
920288
812468
474145
107282
130189
771623
728186
785680
888993
363274
533394
545933
951441
269153
680023
101369
564334
228274
553170
527521
718994
758815
436381
524246
771121
573101
448173
677724
140251
609914
550215
504099
983602
675206
161080
593283
718567
776959
248135
505170
849977
397454
475274
821668
366830
890474
963908
784179
913885
530931
985095
975927
257062
359452
632798
921473
666396
334406
549458
589389
628791
950834
986302
350024
527759
550546
362980
307323
260661
758383
348431
965148
999624
569504
201619
192876
997587
858911
860932
232745
291782
169785
153380
708654
264452
317259
842989
206760
977585
857588
711598
466740
425535
180171
164569
425016
438515
778755
745290
725231
339292
444329
204935
937238
463068
442889
745083
173204
165552
510891
148237
603745
917430
156103
989631
338581
156844
990788
238184
748198
646953
519237
253172
769831
156205
802706
638706
121757
359856
338725
230001
359494
474727
515804
896307
304222
886658
504420
331170
341103
748733
212585
623392
324098
198716
552925
820752
598130
815414
299254
489604
326465
354950
664895
961383
516820
800546
399242
550247
765351
132797
350068
647924
417728
169176
464305
132236
176235
279178
566890
176307
717893
274339
621942
409922
120473
873728
527645
638612
785354
258396
437328
713555
184955
612924
600605
471585
432537
588449
481698
629496
132684
825158
933335
227380
462154
511448
306569
279013
107014
337884
943908
404062
646850
765244
323056
822691
678954
213586
839757
384362
263145
652509
641084
365820
595808
557650
452806
288027
900515
135950
330381
769850
758764
947613
864432
796465
592846
344151
393586
439033
344415
987249
209089
789174
868919
961826
598176
399581
799190
585643
446666
555466
679670
434981
908954
785767
907356
581265
406675
407527
616816
364629
386951
372974
869630
406982
201285
710238
482736
707122
246483
543737
974134
463407
691015
514337
325266
531780
329610
263842
314702
160768
894535
279596
280222
691938
801244
879370
472512
591480
389163
571996
380263
823172
431440
979040
321925
929470
315770
300038
871516
318180
100177
823936
244802
139863
380496
657873
198423
253723
453282
114945
144198
669589
305192
516011
917100
921361
466604
226469
372020
377927
873871
778003
349674
282936
295472
997050
460964
142023
529817
949526
845228
593129
663515
498192
760005
351300
807368
749136
124642
883196
133512
522274
412691
617255
173971
397334
768684
536187
534232
918638
873880
711540
222546
590357
942912
502035
860258
849941
135998
697289
361215
327617
410971
754357
770963
471244
229215
906448
575232
779048
133783
839092
424264
602855
555604
211811
934251
380055
438364
798203
453958
699773
775123
477285
555072
808357
981139
707782
895071
903723
105465
108147
434266
116548
559632
904251
376300
149171
445129
855166
867850
341956
203416
679638
134856
308984
211994
112992
293637
124522
600651
623250
951916
122244
298301
949275
557166
422011
287931
298285
589531
729571
766019
650724
531990
913018
134538
949499
464060
616976
603099
450964
637321
975198
724151
753694
556269
610757
518968
225118
724018
768644
510692
716835
851237
960391
795306
812333
700341
188871
243939
664923
212517
602682
505158
929255
629860
397296
663002
819731
299909
619994
754643
878267
480984
239212
318270
617048
338233
861264
316351
279018
219778
727611
474430
490882
483647
225408
402457
925770
782999
755197
540530
617648
768309
372530
955832
152774
236754
491115
415709
431814
583836
112487
101085
984099
386148
489288
169333
757825
476850
180667
215777
576905
396505
295597
828299
965075
876625
928964
292678
175836
492258
437572
476698
487236
192855
352214
566146
942829
254169
702419
489641
607524
322200
291645
649486
995715
190532
403164
329930
410901
750897
201549
216014
571598
137655
575951
226190
588785
465340
180057
163665
239323
136213
284400
869880
566793
980489
618256
587798
550880
203158
341699
289936
637599
511238
503691
246307
719712
124842
255957
487136
115042
295398
559065
997240
739406
643359
915657
438869
756380
772189
504551
393334
693606
599725
120346
406117
136909
480131
884255
557994
459155
868900
438103
760903
602825
255474
385804
393529
806102
380447
414883
393590
697028
137100
252478
891449
534957
379638
670036
434741
487936
874203
786080
730704
625365
691052
882789
149333
586084
535440
758610
721623
325926
941340
389579
904234
360797
102317
424580
119067
629950
773819
742906
332494
253613
495500
244478
752592
943742
238658
639836
845071
675205
918580
839740
927058
939277
113684
204205
494172
300244
164789
465397
221208
262408
949457
568511
481924
644139
164322
804995
109970
129596
778172
199222
693090
902634
411905
190450
147477
863903
402561
486290
277235
330183
244054
139588
251703
926960
892065
298862
271176
622337
464913
134215
804470
578179
596752
176392
120864
753353
525286
133547
120025
868457
334421
972599
434327
590893
242900
317211
582878
383300
246455
709326
339932
986229
875944
564227
783488
661900
822195
523611
662335
855135
135003
318640
101068
561130
472638
828853
861257
951661
834486
726964
681662
118058
831417
981665
113780
258411
558077
316782
101463
789941
726037
750324
812378
333879
959778
293940
263689
238931
696434
414887
619462
990634
242237
459952
142592
665654
695110
593618
790711
934225
884405
683760
674973
926915
999973
761128
827346
101990
371757
931574
363685
579232
248103
554938
473371
507296
705375
838100
702958
780821
808532
418414
793448
300199
878170
189792
579631
982674
333701
898445
310920
306724
980083
110795
954338
112855
381332
213495
644650
746057
717990
189420
240597
850721
701418
791453
482950
933851
261583
874491
777734
452351
207615
915514
565496
348446
206689
795870
820737
407959
272397
281212
979688
623676
452052
587975
325605
286982
253591
365480
855920
983054
510167
362741
196009
462868
342018
224851
584080
613715
247904
700498
974383
900448
561865
850188
636997
572155
854294
253611
575884
496364
205765
150142
538460
900002
823954
215670
933749
393671
789441
870127
532586
673329
974163
761412
657872
591418
133899
743648
918423
811865
116760
873132
269913
340217
697594
297240
930339
268051
538358
979001
845738
593052
994940
867624
684481
585659
131680
720370
653874
348904
627974
159734
582890
264099
562338
339383
576905
159687
313080
422962
244944
187207
451777
747939
967411
688869
441552
685984
821983
924444
922183
182287
690308
607183
879736
185944
550415
247981
121684
839898
193080
197347
538452
589518
960671
875181
992368
485849
395291
990475
780649
863988
407431
330207
539395
832184
698304
265733
537224
984460
864085
765232
737954
335683
920617
408514
597204
520047
598235
703808
255468
697218
269211
163417
517911
301228
802760
809727
513909
246236
828237
878254
462910
735561
222781
306822
507815
953394
559800
467622
645262
680690
678948
384099
200519
803845
364167
683664
771356
234913
178609
781674
626085
859937
478241
216423
492595
641161
475073
741003
637319
647062
939060
193621
227369
143800
449891
448832
168521
591108
831634
239583
543581
938045
629911
480242
600865
385710
851942
769077
757362
238801
250180
722320
944783
375245
377164
916387
641791
207053
917874
184055
663435
690648
515411
581891
760200
162759
548709
345900
730378
726342
676288
385718
397690
526882
395982
738868
106748
749757
610649
464031
671979
259083
654935
934962
840353
922200
491661
716071
593761
556551
307697
850029
402265
839002
266269
881355
484416
109660
861476
245093
740038
331188
662567
570342
618338
581843
408695
461442
428136
825105
915999
