857959
468667
216317
285839
113723
366227
539093
398113
601813
940157
216859
627947
339751
659951
273971
185749
301579
601241
392389
570509
316697
864989
499879
554417
330907
625927
816929
362347
353137
904117
334877
199697
990359
361763
764993
269167
319897
440183
147647
455687
602773
947963
517277
354391
251653
493573
317599
371453
457241
436889
671323
510227
680353
924283
444713
292541
497239
193189
902179
803461
730021
158143
300787
382519
635021
469939
615743
726007
293473
383729
232433
727189
172001
758203
670297
965953
628447
435181
816317
562711
397357
211663
871823
917291
804211
242911
514177
264013
522251
206413
503543
347299
580201
886313
821663
448199
650759
990053
554839
430121
425237
471041
496813
342889
972623
516493
736097
282577
259379
774791
272453
509359
651869
823721
768133
613817
707143
943157
792377
329243
705787
129347
800483
764053
867457
360863
202357
499481
558521
400619
710839
560479
588811
386159
318457
411449
141769
972623
282313
864781
387263
504787
378953
798451
312253
727763
953671
631471
308813
969559
193261
617731
506791
610847
883451
393059
229157
215851
461333
151901
266117
816103
194543
772139
692581
773039
627197
997573
501367
157991
857669
651143
369731
666649
583447
475549
736243
472163
801019
211801
910121
932231
140939
194323
609277
369557
717331
840163
160583
549139
395909
892547
954857
830177
955709
385589
710641
169093
257077
777583
911663
743129
477293
773821
818291
961243
113933
798079
186709
756887
123593
378997
477941
298733
890861
585577
855089
876181
750383
538987
607627
435419
403867
418157
165443
143617
413087
903337
615617
571903
751747
988661
741913
910127
436531
733949
280717
946223
811099
754489
190147
368899
564173
572807
593207
565303
225287
350947
861053
189337
228539
924281
185123
144439
485113
225941
436231
754249
758201
299711
227609
672869
426487
326153
741857
410651
748801
949303
682229
976639
974419
311821
435647
568999
642077
577307
644911
161039
756149
146749
797557
488249
460829
555167
703393
589579
742381
176081
739379
439567
981941
195971
336643
467903
398591
621799
633407
724393
136139
675109
249133
520963
742277
454973
465977
357229
619253
321227
830353
574051
980393
553097
982103
607147
487933
663571
141439
672029
934793
662063
430957
606121
487427
526913
141107
606223
973591
990349
469429
632699
804239
556583
175757
367711
596671
892747
601819
389867
438533
296827
594571
238157
725597
270071
392437
984587
438341
403057
186049
164963
572521
512921
219809
636821
870161
846217
955193
696743
342299
484193
741283
734941
728881
246971
101051
842627
398417
156797
351503
424079
989011
241093
728333
583651
756839
409429
351563
313087
771181
706499
916999
418007
158341
874661
154733
921001
813301
916787
665573
511387
926851
768127
223667
145709
405767
199373
106019
386747
740191
858001
300331
977411
417581
619033
620033
547361
547853
336761
812297
990383
603641
749471
349963
981653
146161
649813
344257
280187
734537
555871
257711
387199
531133
780223
564959
798599
613061
455489
444341
350521
858233
921779
347509
722369
533077
169777
886969
248723
873461
955091
499423
276917
171637
721709
665117
604931
877187
142607
747157
700363
907199
742457
240959
950207
744353
183919
625409
516433
164363
207973
308107
563413
807931
611057
621431
298021
985351
152419
756673
643051
827429
648803
647047
665387
570391
145531
385831
631271
352549
275339
217033
904577
406177
293107
800959
451013
323087
829729
116191
816779
910361
568097
650281
742607
612791
826673
244813
331081
228923
702011
979379
946079
403547
438047
885263
740087
535013
684221
193789
460543
133321
224683
516049
388711
938491
960373
552553
166643
276319
105341
481157
363941
629767
791569
811351
470297
396623
810193
961091
477511
572423
757711
115547
758827
558541
988051
476989
124919
631157
458533
975281
601439
521377
690467
706787
279709
304163
663149
518311
851647
842939
453709
904861
320027
779131
850849
540307
604343
924659
326539
645419
884651
387197
389621
931529
438829
638993
971653
682219
891179
826729
379777
744917
375341
535229
967397
874823
211441
797281
258487
360193
510943
556007
262697
128551
103591
794111
834611
602081
205507
251831
581953
512593
943801
289031
305483
950179
538423
904847
520747
218711
455333
781801
475877
205307
986437
279317
774463
433241
961601
999853
580891
515153
971639
979333
305281
351401
384473
616547
986641
172171
731141
841987
702139
527237
848101
786931
437771
474391
530539
937351
188833
726697
372481
404387
363569
704233
340393
400739
803189
531631
544513
692327
998471
246121
512597
972373
503947
730111
363271
957991
679633
434191
505111
102451
128239
909773
500579
810409
878083
470059
336503
224027
494917
259459
927301
789959
750863
459763
505871
512591
358697
596599
369793
492731
543259
483211
142223
757363
990179
863917
891493
816427
818347
815209
414157
528469
383371
773533
518989
303287
937709
172519
111467
117851
236681
434009
780173
284131
622729
950347
527909
628673
119293
271277
506683
329597
810757
262337
904867
115343
144461
572479
643991
807187
978907
793229
732971
313109
191047
718493
434297
263423
185291
877091
905647
261739
547021
460189
185923
519349
955991
498989
154943
333097
492587
777151
707299
216641
855359
231463
925831
445033
428629
602593
907229
405749
786167
982363
176849
832151
643031
126421
883639
914731
340103
753007
310501
287159
683687
871337
786587
286063
698779
632299
445853
930817
124819
475351
711967
