322339
491167
414899
831541
611257
229693
244297
954377
785951
131891
526651
261739
411167
336079
235919
555953
922739
455627
184901
530087
527983
649069
940553
677041
724313
675541
560767
813041
212293
384577
482803
199877
294949
665479
258521
542401
101281
180797
403331
633781
996551
349927
666599
806261
374039
695309
674159
261641
148633
284587
908287
697757
336929
823741
349567
602039
169823
261971
931417
446387
122921
107873
416263
211681
736037
874771
882631
336887
667487
840181
647219
663191
689723
309437
510529
110119
211097
446191
535957
114001
455219
704303
130729
656771
805729
299723
234319
953081
679733
310111
387017
142237
593407
141107
963847
566453
605261
206123
300691
170767
210911
468661
308621
242393
557303
302851
752593
380917
332921
914239
404941
257893
690163
307691
675071
436693
508471
787217
343073
972899
666437
988837
183661
632321
825709
614527
593839
153499
490223
562967
264779
830741
827591
235241
659189
341461
642973
211877
241981
298757
176179
828043
542119
238747
105367
922463
966401
286703
797359
698263
742891
997699
829267
885931
727781
274271
213043
205981
293827
871963
216061
354551
682439
733169
157477
748513
176537
675607
504853
750161
998689
638179
594457
227371
579539
519257
188891
469321
821461
560447
349529
925019
717883
305237
142049
807383
712573
968389
449921
550651
944179
535849
629723
138977
867233
512999
240967
764689
251159
365441
836699
323149
170341
837271
667141
124819
555871
186317
145777
206917
466273
825961
486037
595967
658367
942017
433207
428041
228733
235541
962537
238531
637771
568049
371939
869893
824563
189997
546943
647987
676891
692269
283289
570649
899681
424121
834829
469501
128119
585919
727747
708991
626947
354701
856073
553433
429281
283093
490499
409153
175757
156329
308309
982801
860513
461639
530251
385471
179719
893317
549163
569533
191473
909791
962471
849467
166781
440651
404119
867203
129803
636781
542539
143419
441737
650107
825059
561173
314261
580381
222389
165311
364171
965407
687223
607421
398683
179369
773299
927841
975017
152989
428663
411067
345017
654917
948581
636421
821861
951161
937207
138581
306049
368579
435637
902563
604189
127207
356893
234791
865577
460157
817913
401029
194263
238439
669023
135017
704461
575479
225067
611671
134593
754489
808517
863393
554089
722213
343061
208631
176779
340031
726707
863783
474847
704857
648391
342889
184523
432743
108761
741001
758431
892973
323717
680059
646757
992441
610123
495511
898409
834311
602909
221737
185621
424849
599009
969131
976991
816709
953647
324979
721243
859373
220933
377981
305857
213023
336901
178127
511153
299333
156623
855307
601651
940691
810049
528709
911087
336527
327667
710491
170927
560617
299359
916613
702701
271501
687559
521231
195733
344269
287557
828449
404431
438551
466561
514343
606863
570553
351803
997793
781051
122393
862129
704117
648677
904663
488633
741877
230257
649529
313571
702199
700279
181019
836149
929069
955441
312679
678809
208147
278279
788393
394747
881207
522959
793553
973073
211817
881479
623009
631619
938347
408461
334541
172373
930763
582731
270577
991031
655913
258197
181873
627131
982339
315251
323233
991201
355483
782107
976033
143743
582037
276323
911111
160201
938617
903673
759001
216373
578191
701627
214673
487997
122167
376171
484613
383837
548363
192757
689389
344257
132887
301841
628781
592451
580379
849587
120779
541859
994069
222931
418493
383767
621419
859619
497417
456991
119297
647837
187973
533969
853577
351401
612377
714919
820559
264991
780047
150299
195469
249911
664331
517367
512009
155693
274739
198173
196709
130307
984253
128549
475679
184609
587749
366221
609079
114661
258703
217781
116707
106109
351223
240967
253537
347069
105253
827227
660509
243623
664537
219971
528217
921629
444007
685459
219407
283687
872317
988483
494671
951413
845833
653797
322769
618869
526913
495701
448667
837677
431693
612149
144917
865867
166027
282683
579563
922561
236681
385817
813061
436127
380951
126257
277637
902437
830387
601231
790481
778681
114659
541699
192233
578077
905213
949171
916931
914867
374939
310243
199321
306739
196751
724567
813377
864211
565567
518729
435619
891427
673327
329671
654743
200579
468803
274817
339223
489197
385501
647327
900283
436309
143357
909631
760871
791347
720221
432059
913397
579517
670039
264211
990397
208609
941557
763237
682597
473549
138547
614909
744659
907169
732631
786337
488171
397549
440723
456013
475051
914467
424351
596977
577547
448969
667883
968419
790333
190787
188533
440177
589711
979109
167711
932227
723103
148781
635087
749051
361223
830833
290617
729457
452401
133711
633287
133543
427597
385079
956987
147517
867253
556573
979093
810493
860393
530129
291331
757271
143743
153343
138407
202327
390373
251473
490169
199453
380729
180233
905137
501659
869069
536699
372797
946681
427181
503819
950177
631931
829987
433361
380983
862417
928813
413783
337223
196561
612967
136769
906679
926533
661849
513511
585601
175013
653243
187387
471313
342761
307243
590201
711397
794471
578741
979541
264779
654779
983131
721319
536203
591089
796447
519683
557017
920743
409177
380881
389231
205937
718973
607043
494269
222107
132383
199523
169501
836071
880699
195343
186163
681979
447467
264871
399059
210011
981823
482203
383147
269281
134059
365611
993997
951047
816191
609641
582227
936937
464119
522479
921353
718433
843901
565973
661231
324199
340007
335609
632677
997453
821939
256313
551069
689233
577009
627059
389891
266297
372667
462899
154523
774703
359987
550177
506551
221399
919969
658169
872189
229189
471277
911371
160507
853033
589241
324011
367649
448309
917051
702173
281549
183523
110437
897779
340127
994927
463303
675347
921821
918581
421741
484181
148627
264619
286199
473999
247829
662443
692467
125789
814043
580981
653617
955277
279577
620731
404779
658549
570733
139339
266089
853687
569159
611707
604319
681949
712531
324419
385573
876833
704321
965611
989837
327689
506501
960383
733751
500839
790739
737083
176191
536087
121559
371143
549247
196387
196871
647261
342211
440039
329999
259783
844499
283093
432587
231677
947171
722389
952117
194269
136163
201731
830329
517639
890107
262399
575401
469757
716663
259499
435401
541771
149309
641261
112199
531731
778733
728837
156217
740801
163753
430891
772913
523669
244583
186743
615389
132623
704357
229247
378941
972991
477163
980593
400409
936259
352271
972481
735853
510179
655379
911969
307631
156841
778123
550703
750797
337081
660347
539509
871163
276671
869909
201881
436283
313561
435641
253427
555941
829453
336397
794881
556487
273617
945389
452159
115613
645979
519703
745357
134989
614167
194479
171713
678103
654991
873317
599933
702497
678203
434363
711089
323381
100693
407579
670409
719569
153743
140281
624601
408019
285031
246217
968521
641713
175843
844769
725789
970969
752699
456763
505949
530333
100549
964423
236477
842483
416761
675079
754981
929639
381737
281647
453757
651971
625969
820109
377173
567263
976991
219019
759631
467471
463643
478739
125093
101747
483467
883579
608089
349849
761477
679537
473279
677029
813503
499519
173687
243613
270071
312673
765353
308989
517991
458069
996119
825821
693103
175523
403679
951689
622513
378089
285977
891101
354421
274829
162553
764629
575593
111497
727577
344921
514543
697513
963847
208139
176299
290443
855641
200909
756403
762319
216373
642079
646979
201577
531989
247067
405407
399571
126151
229133
766861
886799
988021
956689
710623
592597
331367
636257
608483
185539
391553
877843
870151
780917
941513
572659
819229
428003
225383
589387
781631
569773
591523
203563
403703
622793
103001
192343
558913
195869
609821
703231
487607
148201
648437
912491
535229
297133
761807
430121
879401
591623
350561
848707
973051
268519
912991
497351
723803
986599
646757
659999
390407
563099
238499
668791
179213
157141
473857
418357
391441
706703
211583
649897
460771
248057
960383
120811
296509
773231
926411
780697
188857
115561
979921
809147
716549
408637
610661
342143
640691
656063
219943
702773
844087
683759
725189
957361
375533
575317
324403
363119
780041
800497
489061
139871
563249
402343
975857
359587
144593
982703
103421
830041
779377
803549
653491
625979
781423
622367
287873
527701
362429
398977
299771
257791
558643
431107
405709
664019
141769
362911
466091
838463
783043
471677
949033
783019
649829
847577
159701
309223
761809
503753
554123
830117
111187
659831
588743
325543
581891
246271
407587
336307
306589
773693
480043
100559
972611
578861
169951
714481
170881
729331
803717
946003
888397
757151
490393
256307
917951
969239
856567
280769
848797
380843
177979
430499
348457
710989
901247
810517
515539
996211
829349
687389
677543
841349
270223
961283
134263
179909
423823
869303
216431
819463
720491
260791
237571
821993
428731
200117
981011
764837
350629
366997
553193
169369
525433
778709
766273
373091
478729
331489
509801
912647
235811
602479
914161
748207
955649
196771
236287
562519
218971
527699
566659
712133
923869
744137
897947
721561
890671
764327
651323
833557
553933
867719
518153
294347
105529
851131
112657
265781
346553
686971
530597
185833
996529
360007
848807
731261
644797
541987
417719
403181
796303
168331
686891
435949
505559
421009
761357
728489
673199
405781
303073
575551
239531
845027
550519
529687
509413
248887
896143
297397
310721
161641
125453
857287
600631
894419
750613
527701
731333
175631
914429
296221
256079
513937
729943
857567
568187
148921
152777
433259
552731
964433
634003
259837
863047
622423
873497
393373
648863
199603
307019
489113
472393
981919
473497
547373
298451
694541
763307
247001
924191
277993
745601
588529
728681
707197
130841
475897
542947
151573
285781
476611
648079
268253
573031
136333
448859
699463
891377
494539
809527
158017
143107
432799
810223
176651
691151
505357
345881
968857
349589
743921
455789
217339
899711
449287
474583
454507
475429
900649
598369
315961
353963
279317
570043
802283
404269
663191
119771
879649
247711
479891
750929
858467
291791
813383
675463
559357
371633
657707
731141
865457
791951
848983
976109
332561
445279
180391
777541
172279
800861
771623
545933
573101
758383
348431
858911
164569
338581
120473
822691
209089
585643
434981
407527
590357
211811
981139
589531
729571
637321
299909
180667
980489
438869
406117
380447
149333
389579
102317
253613
164789
622337
753353
334421
972599
564227
789941
333701
933851
407959
362741
974383
636997
393671
870127
979001
197347
780649
163417
178609
478241
475073
637319
238801
916387
641791
581891
840353
266269
662567
581843
